                        loadavg              maxcpu                 cpu              iowait            memtotal             memused           swaptotal            swapused           roottotal            rootused               netin              netout

1651924800: 6,5479444444e-01 3,2000000000e+01 1,5639773088e-02 5,1628362818e-07 6,7502886912e+10 1,7694796038e+10 1,0234060800e+09 0,0000000000e+00 5,8592569754e+11 1,4856809226e+11 6,2850661111e+02 8,6795888889e+02
1651926600: 8,9756666667e-01 3,2000000000e+01 1,5539038959e-02 5,1584695131e-07 6,7502886912e+10 1,7684602566e+10 1,0234060800e+09 0,0000000000e+00 5,8592569754e+11 1,4856820409e+11 7,9423455556e+02 1,1160732222e+03
1651928400: 6,3757222222e-01 3,2000000000e+01 1,5446903435e-02 5,1554418279e-07 6,7502886912e+10 1,7714056115e+10 1,0234060800e+09 0,0000000000e+00 5,8592569754e+11 1,4856822247e+11 9,1612383333e+02 1,2501376667e+03
1651930200: 7,5055000000e-01 3,2000000000e+01 1,7032992665e-02 3,4341929167e-07 6,7502886912e+10 1,7704199785e+10 1,0234060800e+09 0,0000000000e+00 5,8592569754e+11 1,4856835936e+11 2,1987332778e+03 6,7050966667e+02
1651932000: 5,7210000000e-01 3,2000000000e+01 1,5571292735e-02 5,1589559022e-07 6,7502886912e+10 1,7705155730e+10 1,0234060800e+09 0,0000000000e+00 5,8592569754e+11 1,4856832359e+11 1,1956833333e+02 1,5282155556e+02
1651933800: 1,5237111111e+00 3,2000000000e+01 4,5179703521e-02 8,4380907926e-07 6,7502886912e+10 1,7830297072e+10 1,0234060800e+09 0,0000000000e+00 5,8592569754e+11 1,4856852145e+11 3,0204873889e+03 4,0361900556e+03
1651935600: 8,8000000000e-01 3,2000000000e+01 1,6999281476e-02 3,6131537294e-07 6,7502886912e+10 1,7735111295e+10 1,0234060800e+09 0,0000000000e+00 5,8592569754e+11 1,4856860604e+11 4,4533483333e+02 5,6913450000e+02
1651937400: 2,1966111111e+00 3,2000000000e+01 6,5562067882e-02 1,2240505285e-06 6,7502886912e+10 1,7842831867e+10 1,0234060800e+09 0,0000000000e+00 5,8592569754e+11 1,4857565635e+11 2,3162849444e+03 3,1046800000e+03
1651939200: 9,2610500000e+00 3,2000000000e+01 2,6690581942e-01 2,8670212511e-06 6,7502886912e+10 1,7781584439e+10 1,0234060800e+09 0,0000000000e+00 5,8592569754e+11 1,4857250588e+11 2,1529376667e+03 2,9091306111e+03
1651941000: 8,9824000000e+00 3,2000000000e+01 2,5838372616e-01 3,6377287562e-06 6,7502886912e+10 1,7724798243e+10 1,0234060800e+09 0,0000000000e+00 5,8592569754e+11 1,4856665066e+11 1,6536370556e+03 2,2351895000e+03
1651942800: 8,2554777778e+00 3,2000000000e+01 2,2735656268e-01 5,8273107504e-06 6,7502886912e+10 1,7716551557e+10 1,0234060800e+09 0,0000000000e+00 5,8592569754e+11 1,4856673250e+11 1,6951847222e+03 2,2975714444e+03
1651944600: 6,2118722222e+00 3,2000000000e+01 1,7684168802e-01 4,0287170749e-06 6,7502886912e+10 1,7799131493e+10 1,0234060800e+09 0,0000000000e+00 5,8592569754e+11 1,4856699961e+11 2,8804417778e+03 4,0310760556e+03
1651946400: 2,1382333333e+00 3,2000000000e+01 5,5709194794e-02 9,0351178842e-07 6,7502886912e+10 1,7857878546e+10 1,0234060800e+09 0,0000000000e+00 5,8592569754e+11 1,4856731604e+11 3,8304568333e+03 5,0931998333e+03
1651948200: 3,4958333333e+00 3,2000000000e+01 1,0146321885e-01 8,6818478359e-07 6,7502886912e+10 1,7789437476e+10 1,0234060800e+09 0,0000000000e+00 5,8592569754e+11 1,4856772967e+11 3,0822917778e+03 4,4245356111e+03
1651950000: 3,3021722222e+00 3,2000000000e+01 9,1175137233e-02 6,9031769420e-07 6,7502886912e+10 1,7752862761e+10 1,0234060800e+09 0,0000000000e+00 5,8592569754e+11 1,4856796816e+11 2,1765828889e+03 2,9288610000e+03
1651951800: 8,1186666667e-01 3,2000000000e+01 1,4910771506e-02 3,4604413212e-07 6,7502886912e+10 1,7649017972e+10 1,0234060800e+09 0,0000000000e+00 5,8592569754e+11 1,4856840223e+11 2,5590192222e+03 3,2425392778e+03
1651953600: 1,4008500000e+00 3,2000000000e+01 3,7041335632e-02 3,5062040598e-07 6,7502886912e+10 1,7707276400e+10 1,0234060800e+09 0,0000000000e+00 5,8592569754e+11 1,4856853307e+11 1,5262407222e+03 2,0604557778e+03
1651955400: 1,5376666667e+00 3,2000000000e+01 4,2278036786e-02 1,0374201460e-06 6,7502886912e+10 1,7727365894e+10 1,0234060800e+09 0,0000000000e+00 5,8592569754e+11 1,4857653535e+11 3,0266605556e+03 4,0540045000e+03
1651957200: 3,9739055556e+00 3,2000000000e+01 1,1177402482e-01 2,1401430948e-06 6,7502886912e+10 1,7792483369e+10 1,0234060800e+09 0,0000000000e+00 5,8592569754e+11 1,4860038765e+11 3,7376153333e+03 4,8246745556e+03
1651959000: 1,2916833333e+00 3,2000000000e+01 1,9504785240e-02 5,2229155454e-07 6,7502886912e+10 1,7668835895e+10 1,0234060800e+09 0,0000000000e+00 5,8592569754e+11 1,4857344428e+11 3,0528705000e+03 3,8684194444e+03
1651960800: 8,5104444444e-01 3,2000000000e+01 1,5835978344e-02 3,6461627438e-07 6,7502886912e+10 1,7669564300e+10 1,0234060800e+09 0,0000000000e+00 5,8592569754e+11 1,4857358363e+11 3,9081882778e+03 4,3508913333e+03
1651962600: 1,5007388889e+00 3,2000000000e+01 3,4151011992e-02 6,9071641716e-07 6,7502886912e+10 1,7736679850e+10 1,0234060800e+09 0,0000000000e+00 5,8592569754e+11 1,4858837838e+11 1,8106868333e+03 2,0373581667e+03
1651964400: 6,8920555556e-01 3,2000000000e+01 1,5530863826e-02 3,4555949958e-07 6,7502886912e+10 1,7654205249e+10 1,0234060800e+09 0,0000000000e+00 5,8592569754e+11 1,4857643202e+11 2,0514955000e+03 2,6835013889e+03
1651966200: 7,4364444444e-01 3,2000000000e+01 1,5481833705e-02 1,7316736973e-07 6,7502886912e+10 1,7646389614e+10 1,0234060800e+09 0,0000000000e+00 5,8592569754e+11 1,4857667246e+11 3,1518575000e+03 2,6476757222e+03
1651968000: 7,1054444444e-01 3,2000000000e+01 1,5584342030e-02 1,7271515126e-07 6,7502886912e+10 1,7625246372e+10 1,0234060800e+09 0,0000000000e+00 5,8592569754e+11 1,4857677111e+11 2,0501758889e+03 2,6501073333e+03
1651969800: 7,7191111111e-01 3,2000000000e+01 1,5445243841e-02 3,6502467283e-07 6,7502886912e+10 1,7648214842e+10 1,0234060800e+09 0,0000000000e+00 5,8592569754e+11 1,4857698027e+11 1,8553781111e+03 1,7116973333e+03
1651971600: 8,2401666667e-01 3,2000000000e+01 1,7028135042e-02 1,7252742323e-07 6,7502886912e+10 1,7634674538e+10 1,0234060800e+09 0,0000000000e+00 5,8592569754e+11 1,4857701712e+11 3,9762000000e+03 6,6726666667e+02
1651973400: 6,3424444444e-01 3,2000000000e+01 1,5284436471e-02 1,7265074136e-07 6,7502886912e+10 1,7638426544e+10 1,0234060800e+09 0,0000000000e+00 5,8592569754e+11 1,4857707978e+11 1,3004444444e+01 5,1300000000e+00
1651975200: 6,9922777778e-01 3,2000000000e+01 1,4972212446e-02 5,1874216106e-07 6,7502886912e+10 1,7638826664e+10 1,0234060800e+09 0,0000000000e+00 5,8592569754e+11 1,4857702321e+11 1,6613333333e+01 6,0950000000e+00
1651977000: 8,8325555556e-01 3,2000000000e+01 1,5091461447e-02 1,7299481708e-07 6,7502886912e+10 1,7638076712e+10 1,0234060800e+09 0,0000000000e+00 5,8592569754e+11 1,4857708388e+11 1,1783333333e+00 8,7833333333e-01
1651978800: 7,7825555556e-01 3,2000000000e+01 1,5108415704e-02 3,4605973044e-07 6,7502886912e+10 1,7636520373e+10 1,0234060800e+09 0,0000000000e+00 5,8592569754e+11 1,4857702531e+11 5,1005555556e+00 2,1216666667e+00
1651980600: 7,0628888889e-01 3,2000000000e+01 1,5142528865e-02 3,4580689844e-07 6,7502886912e+10 1,7638548919e+10 1,0234060800e+09 0,0000000000e+00 5,8592569754e+11 1,4857708835e+11 1,0532444444e+03 1,8972222222e+01
1651982400: 6,8214444444e-01 3,2000000000e+01 1,5000527939e-02 1,7306487510e-07 6,7502886912e+10 1,7638616476e+10 1,0234060800e+09 0,0000000000e+00 5,8592569754e+11 1,4857705018e+11 5,3649222222e+02 1,3135000000e+01
1651984200: 8,6862777778e-01 3,2000000000e+01 1,5697341235e-02 1,7297327217e-07 6,7502886912e+10 1,7643200703e+10 1,0234060800e+09 0,0000000000e+00 5,8592569754e+11 1,4857710884e+11 4,0244316667e+03 6,1440555556e+01
1651986000: 6,7579444444e-01 3,2000000000e+01 1,5178006955e-02 3,4581201888e-07 6,7502886912e+10 1,7647779358e+10 1,0234060800e+09 0,0000000000e+00 5,8592569754e+11 1,4857705464e+11 2,9972222222e+01 1,3753888889e+01
1651987800: 7,2631111111e-01 3,2000000000e+01 1,5043967698e-02 1,7280110593e-07 6,7502886912e+10 1,7645963872e+10 1,0234060800e+09 0,0000000000e+00 5,8592569754e+11 1,4857711710e+11 2,4571111111e+01 9,0816666667e+00
1651989600: 7,9220555556e-01 3,2000000000e+01 1,5040197604e-02 1,7282260796e-07 6,7502886912e+10 1,7644212308e+10 1,0234060800e+09 0,0000000000e+00 5,8592569754e+11 1,4857705835e+11 1,2333333333e+00 9,0333333333e-01
1651991400: 9,0743333333e-01 3,2000000000e+01 1,5262281201e-02 3,4609246283e-07 6,7502886912e+10 1,7646018514e+10 1,0234060800e+09 0,0000000000e+00 5,8592569754e+11 1,4857711710e+11 1,6767777778e+01 6,0850000000e+00
1651993200: 8,3635000000e-01 3,2000000000e+01 1,7145943196e-02 3,4580121963e-07 6,7502886912e+10 1,7652541884e+10 1,0234060800e+09 0,0000000000e+00 5,8592569754e+11 1,4857705817e+11 3,2010000000e+01 1,1131666667e+01
1651995000: 8,4358888889e-01 3,2000000000e+01 1,5995279486e-02 3,4540966039e-07 6,7502886912e+10 1,7650332080e+10 1,0234060800e+09 0,0000000000e+00 5,8592569754e+11 1,4857711699e+11 1,7608755556e+03 2,6057222222e+01
1651996800: 7,0664444444e-01 3,2000000000e+01 1,5031156734e-02 1,7265074136e-07 6,7502886912e+10 1,7647198165e+10 1,0234060800e+09 0,0000000000e+00 5,8592569754e+11 1,4857706285e+11 1,6678888889e+01 6,1276666667e+00
1651998600: 7,1587222222e-01 3,2000000000e+01 1,5175909944e-02 3,4604358703e-07 6,7502886912e+10 1,7646572787e+10 1,0234060800e+09 0,0000000000e+00 5,8592569754e+11 1,4857712507e+11 1,3041111111e+01 5,1345555556e+00
1652000400: 6,1832777778e-01 3,2000000000e+01 1,5077375650e-02 3,4536633742e-07 6,7502886912e+10 1,7645349626e+10 1,0234060800e+09 0,0000000000e+00 5,8592569754e+11 1,4857706651e+11 1,2425388889e+02 5,4388888889e+00
1652002200: 6,6665555556e-01 3,2000000000e+01 1,6532355438e-02 1,7255957619e-07 6,7502886912e+10 1,7645967255e+10 1,0234060800e+09 0,0000000000e+00 5,8592569754e+11 1,4857712487e+11 1,2600000000e+00 9,7888888889e-01
1652004000: 1,8065000000e+00 3,2000000000e+01 4,8481149210e-02 8,7839910486e-07 6,7502886912e+10 1,7701550913e+10 1,0234060800e+09 0,0000000000e+00 5,8592569754e+11 1,4857716300e+11 2,0723558889e+03 2,7256584444e+03
1652005800: 3,2431777778e+00 3,2000000000e+01 9,4923846288e-02 2,2630309855e-06 6,7502886912e+10 1,7949734311e+10 1,0234060800e+09 0,0000000000e+00 5,8592569754e+11 1,4864882559e+11 1,5665127056e+05 6,0485602222e+03
1652007600: 3,5799722222e+00 3,2000000000e+01 1,0029775093e-01 1,1413908938e-05 6,7502886912e+10 1,8243776487e+10 1,0234060800e+09 0,0000000000e+00 5,8592569754e+11 1,4914145105e+11 4,3841144444e+03 3,6391360000e+03
1652009400: 1,5741000000e+00 3,2000000000e+01 4,0138833538e-02 1,0575556142e-06 6,7502886912e+10 1,7897114365e+10 1,0234060800e+09 0,0000000000e+00 5,8592569754e+11 1,4894170411e+11 2,1966040000e+03 2,9548406667e+03
1652011200: -nan -nan -nan -nan -nan -nan -nan -nan -nan -nan -nan -nan
