                        loadavg              maxcpu                 cpu              iowait            memtotal             memused           swaptotal            swapused           roottotal            rootused               netin              netout

1651870800: 7,4999444444e-01 3,2000000000e+01 1,5878238910e-02 3,4399728792e-07 6,7502886912e+10 1,7668560263e+10 1,0234060800e+09 0,0000000000e+00 5,8592569754e+11 1,4856960332e+11 7,9983111111e+02 1,0168311111e+03
1651872600: 6,8455555556e-01 3,2000000000e+01 1,6401167886e-02 5,1636373079e-07 6,7502886912e+10 1,7686193448e+10 1,0234060800e+09 0,0000000000e+00 5,8592569754e+11 1,4856494219e+11 3,3378483333e+03 3,5061316667e+03
1651874400: 6,9203888889e-01 3,2000000000e+01 1,6117012047e-02 3,6330996245e-07 6,7502886912e+10 1,7680040573e+10 1,0234060800e+09 0,0000000000e+00 5,8592569754e+11 1,4856506063e+11 2,5243638889e+03 3,1255994444e+03
1651876200: 7,5227777778e-01 3,2000000000e+01 1,6087227992e-02 3,8140570933e-07 6,7502886912e+10 1,7678617941e+10 1,0234060800e+09 0,0000000000e+00 5,8592569754e+11 1,4856525419e+11 1,1222583333e+03 8,3230388889e+02
1651878000: 7,9831111111e-01 3,2000000000e+01 1,6016303957e-02 3,4481937058e-07 6,7502886912e+10 1,7690096137e+10 1,0234060800e+09 0,0000000000e+00 5,8592569754e+11 1,4856522981e+11 9,1888666667e+02 5,7746722222e+02
1651879800: 7,2598888889e-01 3,2000000000e+01 1,6181160806e-02 3,4447719660e-07 6,7502886912e+10 1,7698081112e+10 1,0234060800e+09 0,0000000000e+00 5,8592569754e+11 1,4856531324e+11 8,2206666667e+01 1,3913888889e+01
1651881600: 8,9783333333e-01 3,2000000000e+01 1,6212200309e-02 5,1610820173e-07 6,7502886912e+10 1,7724691502e+10 1,0234060800e+09 0,0000000000e+00 5,8592569754e+11 1,4856530182e+11 1,8113488889e+03 2,3944794444e+03
1651883400: 7,7927777778e-01 3,2000000000e+01 1,7361867840e-02 1,0325731451e-06 6,7502886912e+10 1,7675778185e+10 1,0234060800e+09 0,0000000000e+00 5,8592569754e+11 1,4856567956e+11 1,7890411111e+03 2,2170822222e+03
1651885200: 8,7216666667e-01 3,2000000000e+01 1,7133766594e-02 5,3410402181e-07 6,7502886912e+10 1,7646859917e+10 1,0234060800e+09 0,0000000000e+00 5,8592569754e+11 1,4856571321e+11 4,4042550000e+03 8,1639500000e+02
1651887000: 7,7470000000e-01 3,2000000000e+01 1,6299208244e-02 3,4371534208e-07 6,7502886912e+10 1,7645390320e+10 1,0234060800e+09 0,0000000000e+00 5,8592569754e+11 1,4856579896e+11 2,5500000000e+01 2,9999444444e+01
1651888800: 6,4341111111e-01 3,2000000000e+01 1,6559685107e-02 3,6231181992e-07 6,7502886912e+10 1,7653560743e+10 1,0234060800e+09 0,0000000000e+00 5,8592569754e+11 1,4856573942e+11 5,5784250000e+03 7,0567222222e+01
1651890600: 7,7257222222e-01 3,2000000000e+01 1,6802243722e-02 3,4361959228e-07 6,7502886912e+10 1,7659012401e+10 1,0234060800e+09 0,0000000000e+00 5,8592569754e+11 1,4856580512e+11 9,7105555556e+00 1,1275000000e+01
1651892400: 7,2970555556e-01 3,2000000000e+01 1,6158734698e-02 3,4405588493e-07 6,7502886912e+10 1,7655912648e+10 1,0234060800e+09 0,0000000000e+00 5,8592569754e+11 1,4856574421e+11 2,4406666667e+01 8,9244444444e+00
1651894200: 8,0977777778e-01 3,2000000000e+01 1,6706612411e-02 3,4365678310e-07 6,7502886912e+10 1,7658027236e+10 1,0234060800e+09 0,0000000000e+00 5,8592569754e+11 1,4856585396e+11 8,3469038889e+03 6,7090555556e+01
1651896000: 6,5805555556e-01 3,2000000000e+01 1,6485809630e-02 7,0648394224e-07 6,7502886912e+10 1,7657493588e+10 1,0234060800e+09 0,0000000000e+00 5,8592569754e+11 1,4856600842e+11 5,0455555556e+00 2,1188888889e+00
1651897800: 7,1133333333e-01 3,2000000000e+01 1,5993313489e-02 5,1626269445e-07 6,7502886912e+10 1,7656657715e+10 1,0234060800e+09 0,0000000000e+00 5,8592569754e+11 1,4856607692e+11 2,7025000000e+01 1,0958888889e+01
1651899600: 7,2041666667e-01 3,2000000000e+01 1,5564267240e-02 3,4445581182e-07 6,7502886912e+10 1,7657977735e+10 1,0234060800e+09 0,0000000000e+00 5,8592569754e+11 1,4856602403e+11 1,6530000000e+01 5,9850000000e+00
1651901400: 8,4072777778e-01 3,2000000000e+01 1,5806701906e-02 3,4461078881e-07 6,7502886912e+10 1,7657367980e+10 1,0234060800e+09 0,0000000000e+00 5,8592569754e+11 1,4856610001e+11 1,4333333333e+00 1,1033333333e+00
1651903200: 7,6327777778e-01 3,2000000000e+01 1,5945209239e-02 5,1649201339e-07 6,7502886912e+10 1,7656001149e+10 1,0234060800e+09 0,0000000000e+00 5,8592569754e+11 1,4856604071e+11 4,8788888889e+00 1,9222222222e+00
1651905000: 8,7497222222e-01 3,2000000000e+01 1,6802066973e-02 3,4422642073e-07 6,7502886912e+10 1,7661735617e+10 1,0234060800e+09 0,0000000000e+00 5,8592569754e+11 1,4856611355e+11 3,4408500000e+02 1,6658888889e+01
1651906800: 9,4671111111e-01 3,2000000000e+01 2,2356558208e-02 5,1618395763e-07 6,7502886912e+10 1,7666775982e+10 1,0234060800e+09 0,0000000000e+00 5,8592569754e+11 1,4856605969e+11 1,3056666667e+01 4,4655555556e+00
1651908600: 7,8747777778e-01 3,2000000000e+01 1,5669828407e-02 3,4433840939e-07 6,7502886912e+10 1,7669235409e+10 1,0234060800e+09 0,0000000000e+00 5,8592569754e+11 1,4856614192e+11 1,3000000000e+00 9,8000000000e-01
1651910400: 6,8524444444e-01 3,2000000000e+01 1,5565077180e-02 3,4469628163e-07 6,7502886912e+10 1,7664272960e+10 1,0234060800e+09 0,0000000000e+00 5,8592569754e+11 1,4856608538e+11 1,3166666667e+00 1,0566666667e+00
1651912200: 7,3680000000e-01 3,2000000000e+01 1,5631465473e-02 3,4463753723e-07 6,7502886912e+10 1,7663790776e+10 1,0234060800e+09 0,0000000000e+00 5,8592569754e+11 1,4856615096e+11 3,4884261111e+03 4,8372777778e+01
1651914000: 7,1781111111e-01 3,2000000000e+01 1,5594714046e-02 5,1662529201e-07 6,7502886912e+10 1,7663506958e+10 1,0234060800e+09 0,0000000000e+00 5,8592569754e+11 1,4856609321e+11 1,8843433333e+03 3,8114444444e+01
1651915800: 6,8561666667e-01 3,2000000000e+01 1,5534862782e-02 1,7225994715e-07 6,7502886912e+10 1,7664301076e+10 1,0234060800e+09 0,0000000000e+00 5,8592569754e+11 1,4856615916e+11 5,2535000000e+02 9,5238888889e+00
1651917600: 7,4164444444e-01 3,2000000000e+01 1,5610164677e-02 5,1596441464e-07 6,7502886912e+10 1,7663403295e+10 1,0234060800e+09 0,0000000000e+00 5,8592569754e+11 1,4856609792e+11 1,4666666667e+00 1,1266666667e+00
1651919400: 6,6718888889e-01 3,2000000000e+01 1,6156499279e-02 5,3406872281e-07 6,7502886912e+10 1,7672095824e+10 1,0234060800e+09 0,0000000000e+00 5,8592569754e+11 1,4856617319e+11 2,1686988889e+03 6,3386755556e+02
1651921200: 8,1478888889e-01 3,2000000000e+01 1,6003453854e-02 7,2437543950e-07 6,7502886912e+10 1,7726017409e+10 1,0234060800e+09 0,0000000000e+00 5,8592569754e+11 1,4856762739e+11 1,1594389444e+03 1,3498458333e+03
1651923000: 7,3105555556e-01 3,2000000000e+01 1,6394138336e-02 3,4392810578e-07 6,7502886912e+10 1,7728890097e+10 1,0234060800e+09 0,0000000000e+00 5,8592569754e+11 1,4856808979e+11 8,1885722222e+02 1,1580938333e+03
1651924800: 6,5479444444e-01 3,2000000000e+01 1,5639773088e-02 5,1628362818e-07 6,7502886912e+10 1,7694796038e+10 1,0234060800e+09 0,0000000000e+00 5,8592569754e+11 1,4856809226e+11 6,2850661111e+02 8,6795888889e+02
1651926600: 8,9756666667e-01 3,2000000000e+01 1,5539038959e-02 5,1584695131e-07 6,7502886912e+10 1,7684602566e+10 1,0234060800e+09 0,0000000000e+00 5,8592569754e+11 1,4856820409e+11 7,9423455556e+02 1,1160732222e+03
1651928400: 6,3757222222e-01 3,2000000000e+01 1,5446903435e-02 5,1554418279e-07 6,7502886912e+10 1,7714056115e+10 1,0234060800e+09 0,0000000000e+00 5,8592569754e+11 1,4856822247e+11 9,1612383333e+02 1,2501376667e+03
1651930200: 7,5055000000e-01 3,2000000000e+01 1,7032992665e-02 3,4341929167e-07 6,7502886912e+10 1,7704199785e+10 1,0234060800e+09 0,0000000000e+00 5,8592569754e+11 1,4856835936e+11 2,1987332778e+03 6,7050966667e+02
1651932000: 5,7210000000e-01 3,2000000000e+01 1,5571292735e-02 5,1589559022e-07 6,7502886912e+10 1,7705155730e+10 1,0234060800e+09 0,0000000000e+00 5,8592569754e+11 1,4856832359e+11 1,1956833333e+02 1,5282155556e+02
1651933800: 1,5237111111e+00 3,2000000000e+01 4,5179703521e-02 8,4380907926e-07 6,7502886912e+10 1,7830297072e+10 1,0234060800e+09 0,0000000000e+00 5,8592569754e+11 1,4856852145e+11 3,0204873889e+03 4,0361900556e+03
1651935600: 8,8000000000e-01 3,2000000000e+01 1,6999281476e-02 3,6131537294e-07 6,7502886912e+10 1,7735111295e+10 1,0234060800e+09 0,0000000000e+00 5,8592569754e+11 1,4856860604e+11 4,4533483333e+02 5,6913450000e+02
1651937400: 2,1966111111e+00 3,2000000000e+01 6,5562067882e-02 1,2240505285e-06 6,7502886912e+10 1,7842831867e+10 1,0234060800e+09 0,0000000000e+00 5,8592569754e+11 1,4857565635e+11 2,3162849444e+03 3,1046800000e+03
1651939200: 9,2610500000e+00 3,2000000000e+01 2,6690581942e-01 2,8670212511e-06 6,7502886912e+10 1,7781584439e+10 1,0234060800e+09 0,0000000000e+00 5,8592569754e+11 1,4857250588e+11 2,1529376667e+03 2,9091306111e+03
1651941000: 8,9824000000e+00 3,2000000000e+01 2,5838372616e-01 3,6377287562e-06 6,7502886912e+10 1,7724798243e+10 1,0234060800e+09 0,0000000000e+00 5,8592569754e+11 1,4856665066e+11 1,6536370556e+03 2,2351895000e+03
1651942800: 8,2554777778e+00 3,2000000000e+01 2,2735656268e-01 5,8273107504e-06 6,7502886912e+10 1,7716551557e+10 1,0234060800e+09 0,0000000000e+00 5,8592569754e+11 1,4856673250e+11 1,6951847222e+03 2,2975714444e+03
1651944600: 6,2118722222e+00 3,2000000000e+01 1,7684168802e-01 4,0287170749e-06 6,7502886912e+10 1,7799131493e+10 1,0234060800e+09 0,0000000000e+00 5,8592569754e+11 1,4856699961e+11 2,8804417778e+03 4,0310760556e+03
1651946400: 2,1382333333e+00 3,2000000000e+01 5,5709194794e-02 9,0351178842e-07 6,7502886912e+10 1,7857878546e+10 1,0234060800e+09 0,0000000000e+00 5,8592569754e+11 1,4856731604e+11 3,8304568333e+03 5,0931998333e+03
1651948200: 3,4958333333e+00 3,2000000000e+01 1,0146321885e-01 8,6818478359e-07 6,7502886912e+10 1,7789437476e+10 1,0234060800e+09 0,0000000000e+00 5,8592569754e+11 1,4856772967e+11 3,0822917778e+03 4,4245356111e+03
1651950000: 3,3021722222e+00 3,2000000000e+01 9,1175137233e-02 6,9031769420e-07 6,7502886912e+10 1,7752862761e+10 1,0234060800e+09 0,0000000000e+00 5,8592569754e+11 1,4856796816e+11 2,1765828889e+03 2,9288610000e+03
1651951800: 8,1186666667e-01 3,2000000000e+01 1,4910771506e-02 3,4604413212e-07 6,7502886912e+10 1,7649017972e+10 1,0234060800e+09 0,0000000000e+00 5,8592569754e+11 1,4856840223e+11 2,5590192222e+03 3,2425392778e+03
1651953600: 1,4008500000e+00 3,2000000000e+01 3,7041335632e-02 3,5062040598e-07 6,7502886912e+10 1,7707276400e+10 1,0234060800e+09 0,0000000000e+00 5,8592569754e+11 1,4856853307e+11 1,5262407222e+03 2,0604557778e+03
1651955400: 1,5376666667e+00 3,2000000000e+01 4,2278036786e-02 1,0374201460e-06 6,7502886912e+10 1,7727365894e+10 1,0234060800e+09 0,0000000000e+00 5,8592569754e+11 1,4857653535e+11 3,0266605556e+03 4,0540045000e+03
1651957200: -nan -nan -nan -nan -nan -nan -nan -nan -nan -nan -nan -nan
